0 0.67109375 0.42430555555555555 0.696484375 0.41805555555555557 0.713671875 0.4027777777777778 0.7296875 0.3784722222222222 0.74140625 0.3423611111111111 0.74453125 0.2881944444444444 0.73828125 0.2298611111111111 0.722265625 0.19722222222222222 0.707421875 0.18333333333333332 0.674609375 0.17916666666666667 0.642578125 0.1986111111111111 0.6140625 0.2423611111111111 0.60078125 0.2826388888888889 0.596875 0.3284722222222222 0.60078125 0.36736111111111114 0.61015625 0.39791666666666664 0.623828125 0.41805555555555557 0.634765625 0.425
0 0.6890625 0.54375 0.705078125 0.5305555555555556 0.72734375 0.48541666666666666 0.73125 0.44375 0.72109375 0.41458333333333336 0.712890625 0.40555555555555556 0.693359375 0.42083333333333334 0.634765625 0.4263888888888889 0.62734375 0.44930555555555557 0.6265625 0.4701388888888889 0.6359375 0.5090277777777777 0.649609375 0.5291666666666667 0.665234375 0.5416666666666666
0 0.775 0.48125 0.804296875 0.4666666666666667 0.819140625 0.4486111111111111 0.83984375 0.40069444444444446 0.8484375 0.3576388888888889 0.846875 0.32569444444444445 0.8375 0.28541666666666665 0.825390625 0.2652777777777778 0.800390625 0.24583333333333332 0.768359375 0.24583333333333332 0.756640625 0.25 0.74375 0.26319444444444445 0.7453125 0.3090277777777778 0.74140625 0.34652777777777777 0.73125 0.3770833333333333 0.71640625 0.40347222222222223 0.73046875 0.4354166666666667 0.7328125 0.45625 0.737890625 0.4666666666666667 0.745703125 0.47638888888888886
0 0.81640625 0.2520833333333333 0.82734375 0.23541666666666666 0.83515625 0.20902777777777778 0.8375 0.16041666666666668 0.83046875 0.1326388888888889 0.812109375 0.10416666666666667 0.787109375 0.08888888888888889 0.759765625 0.09166666666666666 0.733984375 0.1125 0.71328125 0.15486111111111112 0.709375 0.18125 0.73515625 0.21736111111111112 0.744140625 0.2513888888888889 0.788671875 0.24305555555555555
0 0.6484375 0.1951388888888889 0.676953125 0.17916666666666667 0.706640625 0.18333333333333332 0.7078125 0.17291666666666666 0.694140625 0.15138888888888888 0.672265625 0.1486111111111111 0.661328125 0.15555555555555556 0.65078125 0.17152777777777778 0.64453125 0.18958333333333333
0 0.48359375 0.18819444444444444 0.505859375 0.17777777777777778 0.533203125 0.18333333333333332 0.53984375 0.1701388888888889 0.54375 0.13958333333333334 0.53828125 0.10625 0.527734375 0.08472222222222223 0.515234375 0.06944444444444445 0.491796875 0.07222222222222222 0.48046875 0.08819444444444445 0.47265625 0.11041666666666666 0.46796875 0.1423611111111111 0.46875 0.16597222222222222 0.478515625 0.18888888888888888
0 0.509375 0.33541666666666664 0.520703125 0.33055555555555555 0.53828125 0.3104166666666667 0.546875 0.2881944444444444 0.5515625 0.2534722222222222 0.55 0.22430555555555556 0.54375 0.20347222222222222 0.531640625 0.18472222222222223 0.522265625 0.17916666666666667 0.499609375 0.17916666666666667 0.481640625 0.19027777777777777 0.46796875 0.21319444444444444 0.4625 0.23958333333333334 0.46328125 0.28541666666666665 0.46796875 0.30625 0.484765625 0.33055555555555555
0 0.45234375 0.30069444444444443 0.458984375 0.2986111111111111 0.46328125 0.28958333333333336 0.4625 0.23402777777777778 0.4703125 0.2076388888888889 0.46875 0.1909722222222222 0.463671875 0.17777777777777778 0.458203125 0.1736111111111111 0.419921875 0.1763888888888889 0.41171875 0.18819444444444444 0.40703125 0.21180555555555555 0.409375 0.24791666666666667 0.41796875 0.2743055555555556 0.430078125 0.29305555555555557 0.438671875 0.3
0 0.4171875 0.17847222222222223 0.437890625 0.1638888888888889 0.455859375 0.16805555555555557 0.462109375 0.175 0.46796875 0.16875 0.471875 0.11180555555555556 0.48515625 0.07847222222222222 0.474609375 0.04861111111111111 0.457421875 0.03611111111111111 0.436328125 0.0375 0.419921875 0.05 0.40859375 0.07013888888888889 0.40078125 0.10069444444444445 0.39921875 0.13819444444444445 0.40859375 0.17152777777777778
0 0.4203125 0.049305555555555554 0.439453125 0.03611111111111111 0.459765625 0.03611111111111111 0.4640625 0.01597222222222222 0.46171875 0.003472222222222222 0.430859375 0 0.425390625 0.004166666666666667 0.41953125 0.025694444444444443
0 0.54296875 0.07430555555555556 0.5484375 0.06597222222222222 0.553125 0.04652777777777778 0.55234375 0.025694444444444443 0.544921875 0.001388888888888889 0.496875 0.0020833333333333333 0.49296875 0.02847222222222222 0.4984375 0.03680555555555556 0.504296875 0.06527777777777778
0 0.54609375 0.13125 0.54921875 0.10347222222222222 0.54453125 0.08125 0.534765625 0.06944444444444445 0.523046875 0.07222222222222222 0.521875 0.07708333333333334 0.5359375 0.10069444444444445
0 0.7265625 0.12152777777777778 0.758203125 0.09166666666666666 0.787109375 0.0875 0.7984375 0.06180555555555556 0.8 0.027083333333333334 0.7953125 0.004861111111111111 0.791796875 0 0.717578125 0.002777777777777778 0.7015625 0.03958333333333333 0.69921875 0.08125 0.70546875 0.10902777777777778 0.710546875 0.11805555555555555
0 0.82578125 0.07291666666666667 0.837109375 0.06388888888888888 0.84453125 0.049305555555555554 0.8390625 0.03958333333333333 0.83671875 0.02013888888888889 0.8453125 0.0006944444444444445 0.794921875 0 0.8 0.022916666666666665 0.79765625 0.06458333333333334 0.809765625 0.07222222222222222
0 0.89921875 0.14652777777777778 0.926953125 0.13194444444444445 0.9484375 0.09375 0.9578125 0.050694444444444445 0.95703125 0.02013888888888889 0.949609375 0.002777777777777778 0.877734375 0 0.859375 0.049305555555555554 0.85078125 0.05486111111111111 0.853125 0.09236111111111112 0.8578125 0.11180555555555556 0.885546875 0.14583333333333334
0 0.98984375 0.18263888888888888 1 0.18125 1 0.0006944444444444445 0.969140625 0 0.96171875 0.014583333333333334 0.9578125 0.059027777777777776 0.95234375 0.08402777777777778 0.93203125 0.12986111111111112 0.944140625 0.1638888888888889 0.966796875 0.17916666666666667
0 0.8515625 0.6201388888888889 0.874609375 0.6069444444444444 0.88203125 0.5881944444444445 0.8828125 0.56875 0.878125 0.5465277777777777 0.870703125 0.5347222222222222 0.854296875 0.5222222222222223 0.845703125 0.5222222222222223 0.835546875 0.5263888888888889 0.82578125 0.5395833333333333 0.8203125 0.5576388888888889 0.81875 0.5854166666666667 0.829296875 0.6097222222222223 0.842578125 0.6208333333333333
0 0.89140625 0.6270833333333333 0.911328125 0.6138888888888889 0.9203125 0.5923611111111111 0.92109375 0.5701388888888889 0.91796875 0.5548611111111111 0.900390625 0.5333333333333333 0.890234375 0.5333333333333333 0.8796875 0.5451388888888888 0.8828125 0.5840277777777778 0.878125 0.6020833333333333 0.87109375 0.6131944444444445 0.877734375 0.625
0 0.93515625 0.5118055555555555 0.942578125 0.5083333333333333 0.9484375 0.4979166666666667 0.94765625 0.47847222222222224 0.933203125 0.4638888888888889 0.920703125 0.46805555555555556 0.915625 0.4798611111111111 0.91953125 0.5034722222222222 0.925390625 0.5111111111111111
0 0.9421875 0.45208333333333334 0.95390625 0.4409722222222222 0.95390625 0.4270833333333333 0.948828125 0.42083333333333334 0.937109375 0.42083333333333334 0.9296875 0.43125 0.933203125 0.44722222222222224
0 1 0.6048611111111111 0.998828125 0.5027777777777778 0.98125 0.5284722222222222 0.978125 0.5576388888888889 0.9859375 0.5895833333333333
0 0.4578125 0.6993055555555555 0.469140625 0.6916666666666667 0.4765625 0.6756944444444445 0.4796875 0.65625 0.47734375 0.6256944444444444 0.47109375 0.6076388888888888 0.457421875 0.5888888888888889 0.439453125 0.5847222222222223 0.430078125 0.5902777777777778 0.4203125 0.60625 0.415625 0.6270833333333333 0.41484375 0.64375 0.41953125 0.6701388888888888 0.432421875 0.6916666666666667
0 0.41640625 0.6284722222222222 0.4171875 0.6173611111111111 0.4265625 0.5923611111111111 0.419921875 0.5833333333333334 0.412109375 0.5902777777777778 0.40859375 0.6034722222222222 0.41171875 0.6284722222222222
0 0.43203125 1 0.434375 0.9979166666666667 0.4328125 0.9881944444444445 0.4203125 0.9548611111111112 0.406640625 0.9388888888888889 0.394921875 0.9388888888888889 0.382421875 0.9486111111111111 0.371875 0.9701388888888889 0.36796875 0.99375 0.369140625 1
0 0.0359375 0.21597222222222223 0.046875 0.20347222222222222 0.0484375 0.18263888888888888 0.040234375 0.16666666666666666 0.023828125 0.16805555555555557 0.0171875 0.18125 0.0171875 0.19375 0.023828125 0.2111111111111111
0 0.06015625 0.04791666666666667 0.06328125 0.04236111111111111 0.061328125 0 0.02734375 0.0006944444444444445 0.0296875 0.017361111111111112 0.038671875 0.03611111111111111